24,911741 21,403198
23,228852 23,625480
23,750765 24,065439
24,083514 23,971710
22,424602 23,679895
12,557456 21,209038
21,825131 20,928294
23,941954 20,966532
10,841369 18,318103
21,340490 18,101280
24,441394 20,478068
24,985173 21,110076
14,011470 19,123979
21,121730 21,180051
24,108047 21,733563
24,990121 21,843308
9,341418 18,714557
5,403698 16,993003
12,952549 15,359167
22,225806 14,982718
18,242737 13,633242
19,343135 15,633585
18,381800 18,229205
24,614703 20,561636
23,863888 20,889253
6,829935 18,606692
18,125295 18,363124
23,753742 19,437513
8,512787 16,217130
9,159375 13,276227
19,439512 15,798142
5,542094 13,281502
19,639597 12,458673
11,823319 13,120779
10,558915 13,400687
24,638715 14,440528 T
21,458124 17,623734
9,548403 15,605495
22,295321 17,699896
13,927796 18,373672
22,453797 17,936688
15,397716 16,724607
24,855477 19,786021 T
11,586186 17,644194
10,913943 17,041424
11,205773 14,791819
13,809146 14,474105
22,633062 14,029622
6,457236 13,003832
7,714443 12,363932
21,294196 14,381617
24,985754 16,616938 T
24,573245 17,004975 T
10,731352 17,859798
23,091369 20,935183 T
24,771832 21,630711 T
9,298018 18,493163
11,857373 15,949989
